{
    "rmse": 0.6809529045725028,
    "r2_score": 0.2875394804818624,
    "mae": 0.4636968582457281
}